,latitude,longitude
0,37.0016155,-121.5599683
1,37.0085217,-121.5510939
2,37.02363920000001,-121.5624516
3,37.0138082,-121.5863532
4,37.1112764,-121.642001
5,37.133219,-121.631335
6,37.1506177,-121.6552618
7,36.9076277,-121.7536131
8,36.9167973,-121.7757332
9,36.9321618,-121.7696453
10,36.8590662,-121.4010762
11,36.7924016,-121.6663367
12,36.8370658,-121.3891251
13,36.7153144,-121.626007
14,37.231658,-121.773251
15,37.250943,-121.831873
16,36.7046821,-121.6534639
17,36.9753076,-121.9637216
18,37.2455772,-121.888203
19,37.2546115,-121.7998137
20,37.2999234,-121.8224553
21,37.3248198,-121.8231071
22,37.2608708,-121.8758937
23,37.2751531,-121.8652824
24,37.3232338,-121.9133044
25,36.983059,-122.022357
26,37.3009345,-121.7723522
27,36.6727885,-121.6293349
28,37.3077319,-121.8489311
29,36.6803314,-121.6410139
30,37.2664285,-121.8322662
31,37.3047613,-121.862897
32,37.2899339,-121.8806531
33,37.3159663,-121.7937516
34,36.9671216,-122.0390457
35,37.3498252,-121.82767
36,36.6567541,-121.6595359
37,37.3252968,-121.8146031
38,36.6800873,-121.6056544
39,37.3226846,-121.9928279
40,37.3309324,-121.8603368
41,37.2620801,-121.9220163
42,37.3236817,-121.9690762
43,37.303899,-122.031826
44,37.2728494,-121.9335242
45,37.348749,-121.865076
46,37.3109448,-121.9313806
47,37.0471688,-122.0325951
48,37.2980941,-121.9505273
49,37.3629441,-122.0272066
50,37.3569015,-121.9365236
51,37.338314,-121.993848
52,37.3854773,-121.995403
53,37.3934387,-122.0289637
54,37.1003978,-121.0151795
55,36.599749,-121.8880686
56,37.3818168,-121.9788991
57,37.33723,-122.0410278
58,36.6083173,-121.856052
59,37.05652,-120.835017
