,latitude,longitude
0,34.0435031,-118.422458
1,34.0565916,-118.4259707
2,34.0459657,-118.4647527
3,34.02599360000001,-118.4315177
4,34.0193368,-118.4069666
5,34.0428875,-118.3768044
6,34.0639244,-118.3667441
7,34.0516483,-118.3691052
8,34.0240073,-118.3727691
9,33.959628,-118.386112
10,33.9878855,-118.3652186
11,34.02125,-118.355122
12,34.052525,-118.3442692
13,33.97555,-118.373339
14,34.030281,-118.334773
15,34.0059182,-118.3338016
16,33.9457987,-118.3707815
17,34.152511,-118.3678874
18,34.0559572,-118.2708558
19,34.0680995,-118.2920171
20,33.9888714,-118.3119371
21,33.9751923,-118.3312069
22,34.0833381,-118.2913325
23,34.0416318,-118.3085503
24,34.0110727,-118.3179031
25,33.9597588,-118.3006481
26,34.0599437,-118.3094998
27,33.9449481,-118.4005654
28,34.051144,-118.2792626
29,34.011163,-118.294027
30,34.043919,-118.290683
31,34.0403554,-118.2844405
32,34.0886817,-118.3096721
33,33.9887974,-118.2910302
34,34.0639244,-118.3667441
35,34.0516483,-118.3691052
36,34.0428875,-118.3768044
37,34.052525,-118.3442692
38,34.0435031,-118.422458
39,34.0240073,-118.3727691
40,34.0193368,-118.4069666
41,34.02125,-118.355122
42,34.030281,-118.334773
43,34.0565916,-118.4259707
44,34.02599360000001,-118.4315177
45,34.0059182,-118.3338016
46,34.0599437,-118.3094998
47,34.0416318,-118.3085503
48,34.0680995,-118.2920171
49,34.0886817,-118.3096721
50,34.0110727,-118.3179031
51,34.0559572,-118.2708558
52,33.9878855,-118.3652186
53,34.0833381,-118.2913325
54,33.959628,-118.386112
55,34.051144,-118.2792626
56,34.043919,-118.290683
57,34.0403554,-118.2844405
58,34.0459657,-118.4647527
59,33.9888714,-118.3119371
60,34.011163,-118.294027
61,34.152511,-118.3678874
62,33.97555,-118.373339
63,33.9751923,-118.3312069
64,34.07057220000001,-118.2682112
65,34.0324431,-118.2669915
66,33.9597588,-118.3006481
67,34.095333,-118.2839879
68,33.9887974,-118.2910302
69,34.0976253,-118.2908488
70,34.02610130000001,-118.2769404
71,33.9457987,-118.3707815
72,34.0105356,-118.2569035
73,34.080599,-118.260639
74,34.031392,-118.2440353
75,33.9604451,-118.2743615
